This is dynamics update
    0.0000    0.0000         0         0
    0.0000    0.0000         0         0
         0         0    0.0072         0
         0         0         0         0

this is measurement update
    0.0000    0.0000    0.0072         0
    0.0000    0.0000    0.0072         0
    0.0000    0.0000    0.0009         0
    0.0000    0.0000    0.0072         0

This is dynamics update
    0.0000    0.0000    0.0087         0
    0.0000    0.0000    0.0087         0
    0.0000    0.0000    0.0082         0
    0.0000    0.0000    0.0087         0

this is measurement update
    0.0000    0.0000    0.0266         0
    0.0000    0.0000    0.0265         0
    0.0000    0.0000    0.0269         0
    0.0000    0.0000    0.0265         0

This is dynamics update
    0.0000    0.0000    0.0322         0
    0.0000    0.0000    0.0321         0
    0.0000    0.0000    0.0398         0
    0.0000    0.0000    0.0321         0

this is measurement update
    0.0001    0.0000    0.1050         0
    0.0001    0.0000    0.1050         0
    0.0001    0.0000    0.0974         0
    0.0001    0.0000    0.1050         0

This is dynamics update
    0.0001    0.0000    0.1270         0
    0.0001    0.0000    0.1270         0
    0.0001    0.0000    0.1251         0
    0.0001    0.0000    0.1270         0

this is measurement update
    0.0004    0.0000    0.3804         0
    0.0004    0.0000    0.3803         0
    0.0004    0.0000    0.3821         0
    0.0004    0.0000    0.3803         0

This is dynamics update
    0.0004    0.0000    0.4603         0
    0.0004    0.0000    0.4601         0
    0.0004    0.0000    0.4695         0
    0.0004    0.0000    0.4601         0

this is measurement update
    0.0013    0.0000    1.3910         0
    0.0013    0.0000    1.3911         0
    0.0013    0.0000    1.3815         0
    0.0013    0.0000    1.3911         0

This is dynamics update
    0.0016    0.0000    1.6831         0
    0.0016    0.0000    1.6832         0
    0.0016    0.0000    1.6788         0
    0.0016    0.0000    1.6832         0

this is measurement update
    0.0048    0.0000    5.0465         0
    0.0048    0.0000    5.0463         0
    0.0048    0.0000    5.0505         0
    0.0048    0.0000    5.0463         0

This is dynamics update
    0.0058    0.0000    6.1063         0
    0.0058    0.0000    6.1060         0
    0.0058    0.0000    6.1183         0
    0.0058    0.0000    6.1060         0

this is measurement update
    0.0173    0.0001   18.3317         0
    0.0173    0.0001   18.3318         0
    0.0173    0.0001   18.3194         0
    0.0173    0.0001   18.3318         0

This is dynamics update
    0.0209    0.0001   22.1814         0
    0.0209    0.0001   22.1815         0
    0.0209    0.0001   22.1736         0
    0.0209    0.0001   22.1815         0

this is measurement update
    0.0627    0.0003   66.5379         0
    0.0627    0.0003   66.5377         0
    0.0628    0.0003   66.5454         0
    0.0627    0.0003   66.5377         0

This is dynamics update
    0.0759    0.0003   80.5109         0
    0.0759    0.0003   80.5106         0
    0.0759    0.0003   80.5271         0
    0.0759    0.0003   80.5106         0

this is measurement update
    0.2278    0.0009  241.5496         0
    0.2278    0.0009  241.5498         0
    0.2278    0.0009  241.5332         0
    0.2278    0.0009  241.5498         0

This is dynamics update
    0.2756    0.0011  292.2750         0
    0.2756    0.0011  292.2752         0
    0.2756    0.0011  292.2623         0
    0.2756    0.0011  292.2752         0

this is measurement update
    0.8269    0.0033  876.8141         0
    0.8269    0.0033  876.8138         0
    0.8269    0.0033  876.8265         0
    0.8269    0.0033  876.8138         0

